# R script for Peak Model
#  -- generated by MACS
p <- c(0.022027447140619848,0.025787966856348363,0.0293645187010916,0.0329464813655697,0.03676110927864683,0.036701590261563354,0.03677734173785141,0.036939666329897244,0.036955898789101826,0.03685850403387433,0.036950487969366966,0.0370857584627385,0.03711822338114767,0.037199385677170585,0.036950487969366966,0.03716150993902655,0.03711281256141281,0.037210207316640306,0.03704247190485961,0.03738335354815586,0.03751321322179253,0.03723185059557975,0.03762142961648975,0.03778375420853559,0.038232852246529066,0.038005597817664896,0.038362711920165736,0.038357301100430875,0.038324836182021704,0.038362711920165736,0.03806511683474837,0.038557501430620734,0.03840058765830976,0.03827613880440796,0.038135457491301566,0.03841682011751435,0.03824908470573365,0.038362711920165736,0.03890379389365185,0.0392176214382738,0.0395801463605095,0.03925549717641783,0.03919597815933436,0.03922303225800866,0.03916351324092519,0.03895790209100047,0.039185156519864636,0.03925549717641783,0.03907152930543255,0.03884968569630324,0.03864407454637852,0.03877934503975004,0.03897413455020505,0.038822631597628936,0.03908235094490227,0.039379946030319635,0.039607200459183804,0.03942864340793339,0.03933124865270589,0.03921221061853894,0.039623432918388386,0.03959096799997922,0.03979116833016909,0.040007601119563536,0.039877741445926866,0.04005629849717728,0.03975329259202506,0.04006170931691214,0.04005629849717728,0.03999677948009381,0.040072530956381865,0.03999677948009381,0.039607200459183804,0.0396504870170627,0.039407000128993945,0.039152691601455465,0.039168924060660054,0.03923385389747838,0.03933124865270589,0.0396504870170627,0.03929337291456186,0.03949357324475172,0.03968295193547186,0.0402348555484277,0.04058655883119368,0.04058655883119368,0.040905797195550486,0.04117092736255869,0.041138462444149516,0.04119257064149813,0.041587560482142995,0.041365716873013686,0.04145770080850633,0.0413224303151348,0.04137653851248341,0.04150098736638522,0.04123585719937702,0.040694775225890906,0.040927440474489936,0.04085168899820188,0.040992370311308264,0.04150098736638522,0.041825636550476886,0.0418797447478255,0.04211782081615939,0.04237754016343273,0.04246411327919051,0.042750886725138146,0.042875335579039955,0.042864513939570234,0.04258856213309231,0.0426047945922969,0.04249116737786481,0.04249657819759967,0.04259938377256203,0.04258315131335745,0.042967319514532594,0.04296190869479773,0.04272383262646384,0.04294026541585829,0.04307012508949496,0.043113411647373846,0.043232449681540795,0.04324868214074538,0.04291321131718399,0.04294567623559315,0.042777940823812456,0.043097179188169264,0.04331902279729857,0.04324868214074538,0.043459704110404965,0.04388174804972413,0.04386010477078469,0.044081948379914,0.04453645723764234,0.04469878182968817,0.044812409044120254,0.04503966347298442,0.04535349101760638,0.04550499397018249,0.04581882151480444,0.04558074544647055,0.04597573528711541,0.045764713317455824,0.045867518892418184,0.04574307003851638,0.045997378566054854,0.04547793987150818,0.04532643691893207,0.04561862118461457,0.0453913667557504,0.04551040478991735,0.04516952314662109,0.04560238872540999,0.045770124137190685,0.04594327036870624,0.04596491364764569,0.04616511397783555,0.04642483332510889,0.046933450380185836,0.04711200743143626,0.047155293989315145,0.04756110546942974,0.047609802847043484,0.0476639110443921,0.04782623563643793,0.04793445203113515,0.04845930154541669,0.04849717728356072,0.0480264359666278,0.04791280875219571,0.04825369039549197,0.048437658266477245,0.048675734334811135,0.0485837503993185,0.04895168614128906,0.04929256778458531,0.04951441139371462,0.04944407073716142,0.04965509270682101,0.050190763860572266,0.05002843926852643,0.050196174680307126,0.05003385008826129,0.05033144517367866,0.05001761762905671,0.05012042320401907,0.05014206648295851,0.05070479173538408,0.05084547304849047,0.0509104028853088,0.051218819610195886,0.05145148485879492,0.05207913994803882,0.0525552920847066,0.05317753635421563,0.05351300717777703,0.053788958984254946,0.05392964029736134,0.05443825735243829,0.05501721506406843,0.05550418884020594,0.05568274589145636,0.05581801638482789,0.05600198425581317,0.05607232491236636,0.05630499016096539,0.0564997796714204,0.057008396726497344,0.05718695377774777,0.05706250492384596,0.05728434853297527,0.05791200362221916,0.058415209857561254,0.058761502320592365,0.059589357740026126,0.05998434758067099,0.06041721315945989,0.06052542955415711,0.06065528922779378,0.060963705952680865,0.06115849546313587,0.06138574989200004,0.06162382596033393,0.06198094006283477,0.06207833481806227,0.06262482761128325,0.06280879548226853,0.06336069909522436,0.06406951648049118,0.06459436599477271,0.06522743190375148,0.06556290272731287,0.06596330338769259,0.06680739126633094,0.06726190012405928,0.06739717061743081,0.06821420439739484,0.0684144047275847,0.06882021620769929,0.06944246047720833,0.07019456442035403,0.07044887294789251,0.07096831164243918,0.07080598705039334,0.07106570639766668,0.07157432345274363,0.07166630738823628,0.07243464379058656,0.07295949330486809,0.07316510445479282,0.07335989396524782,0.07399295987422658,0.07480458283445575,0.07575688710779133,0.07656309924828564,0.0767632995784755,0.07753704680056064,0.07779135532809912,0.0780456638556376,0.07873824878169983,0.07949035272484553,0.07967973141556567,0.07989616420496012,0.08011259699435457,0.0804697110968554,0.08121640422026624,0.08137872881231208,0.08229856816723848,0.08278013112364113,0.08338614293394558,0.08372161375750697,0.08472261540845628,0.08467391803084254,0.08479295606500949,0.08546930853186713,0.08612401771978534,0.08674085116955951,0.08714666264967409,0.0878013718375923,0.08800698298751702,0.08812602102168397,0.08797992888884272,0.08887271414509482,0.0895977639895662,0.08982501841843038,0.08997111055127163,0.09033363547350733,0.09064746301812927,0.09072321449441734,0.09108032859691817,0.09179996762165471,0.09268193123843708,0.09314726173563515,0.09350978665787084,0.09369916534859098,0.09425647978128168,0.09476509683635863,0.09483543749291183,0.09568493619128503,0.09631259128052892,0.09629094800158948,0.09623142898450601,0.09622060734503629,0.09645327259363531,0.09735687948935713,0.09734605784988741,0.0978492640852295,0.09824966474560923,0.09839034605871562,0.09832000540216242,0.09894766049140633,0.09947251000568785,0.09982421328845383,0.10040317100008397,0.100246257227773,0.1008035716604637,0.10088473395648662,0.10100377199065357,0.10107952346694163,0.10175046511406441,0.10164224871936718,0.10173964347459469,0.10166930281804148,0.10138794019182872,0.10168553527724608,0.10184785986929192,0.10222120643099733,0.10242140676118719,0.10304906185043108,0.10280016414262748,0.1031031700477797,0.10348192742921998,0.10384445235145569,0.10447210744069958,0.10472100514850319,0.10529455204039848,0.10560296876528556,0.1057382392586571,0.1057382392586571,0.1060574776230139,0.10631719697028724,0.10657691631756058,0.10707471173316781,0.10692861960032655,0.10711799829104669,0.10681499238589447,0.10684204648456877,0.10759956124744934,0.10801619436703365,0.10880617404832338,0.10943923995730213,0.10936889930074895,0.10983964061768187,0.1107270150541991,0.11163603276965578,0.11174965998408787,0.11212300654579328,0.11236108261412718,0.11280476983238578,0.11308613245859857,0.11328092196905358,0.11368673344916816,0.11407631247007817,0.11435226427655609,0.1143089777186772,0.11522340625386873,0.11616488888773457,0.11670056004148584,0.11689534955194084,0.11695486856902432,0.11722540955576737,0.11822100038698183,0.11894605023145323,0.11947089974573476,0.11981178138903101,0.11983883548770533,0.11944384564706045,0.11947631056546962,0.11942220236812101,0.11976308401141726,0.12039073910066116,0.12046649057694922,0.1201905387704713,0.11967110007592462,0.12047731221641894,0.1214025623910802,0.12204644993952868,0.12273903486559092,0.12328552765881189,0.12378873389415397,0.12394564766646494,0.12448131882021621,0.12483302210298218,0.1258340237539315,